编译环境：DEVC++
功能：实现两个一元多项式的加法
提示：请不要不按规范输入，否则程序会崩。
输入要求：
输入的项的个数为1~100;
请输入要添加的多项式s1：输入第一个大于0的整数表示系数，
第二个大于0的整数表示次数；若为常数，则输入次数为0，当输入系数为0时结束操作，例如3 5 4 1 -2 4 5 0 0
这时你输入了多项式：3x^5+4x-2x^4+5
以下有5组样例供参考
样例一（两个相同的多项式相加）
输入：
3 5 4 1 -2 4 5 0 0
3 5 4 1 -2 4 5 0 0
输出：
======欢迎来到基于链表实现的计算一元多项式项目======
请输入要添加的多项式s1：输入第一个大于0的整数表示系数，
第二个大于0的整数表示次数；若为常数，则输入次数为0，当输入系数为0时结束操作，例如3 5 4 1 -2 4 5 0 0
3 5 4 1 -2 4 5 0 0
现在的一元n次多项式为：
3x5-2x4+4x+5
请输入要添加的多项式s2：输入第一个大于0的整数表示系数，
第二个大于0的整数表示次数；若为常数，则输入次数为0，当输入系数为0时结束操作，例如3 5 4 1 -2 4 5 0 0
3 5 4 1 -2 4 5 0 0
现在的一元n次多项式为：
3x5-2x4+4x+5
计算后的多项式为：
现在的一元n次多项式为：
6x5-4x4+8x+10
请按任意键继续. . .

样例二（有次数不同的多项式相加）
输入：
3 5 4 1 -2 4 5 0 0
3 6 4 1 -2 4 5 0 0
输出：
======欢迎来到基于链表实现的计算一元多项式项目======
请输入要添加的多项式s1：输入第一个大于0的整数表示系数，
第二个大于0的整数表示次数；若为常数，则输入次数为0，当输入系数为0时结束操作，例如3 5 4 1 -2 4 5 0 0
3 5 4 1 -2 4 5 0 0
现在的一元n次多项式为：
3x5-2x4+4x+5
请输入要添加的多项式s2：输入第一个大于0的整数表示系数，
第二个大于0的整数表示次数；若为常数，则输入次数为0，当输入系数为0时结束操作，例如3 5 4 1 -2 4 5 0 0
3 6 4 1 -2 4 5 0 0
现在的一元n次多项式为：
3x6-2x4+4x+5
计算后的多项式为：
现在的一元n次多项式为：
3x6+3x5-4x4+8x+10


样例三（一个多项式加一个常数）
输入：
3 5 4 1 -2 4 5 0 0
4 0 0
输出：
======欢迎来到基于链表实现的计算一元多项式项目======
请输入要添加的多项式s1：输入第一个大于0的整数表示系数，
第二个大于0的整数表示次数；若为常数，则输入次数为0，当输入系数为0时结束操作，例如3 5 4 1 -2 4 5 0 0
3 5 4 1 -2 4 5 0 0
现在的一元n次多项式为：
3x5-2x4+4x+5
请输入要添加的多项式s2：输入第一个大于0的整数表示系数，
第二个大于0的整数表示次数；若为常数，则输入次数为0，当输入系数为0时结束操作，例如3 5 4 1 -2 4 5 0 0
4 0 0
现在的一元n次多项式为：
+4
计算后的多项式为：
现在的一元n次多项式为：
3x5-2x4+4x+9
请按任意键继续. . .

样例四（两个次数都不一样的多项式相加）
输入：
3 5 4 1 -2 4 5 0 0
3 3 4 6 5 7 0 
输出：
======欢迎来到基于链表实现的计算一元多项式项目======
请输入要添加的多项式s1：输入第一个大于0的整数表示系数，
第二个大于0的整数表示次数；若为常数，则输入次数为0，当输入系数为0时结束操作，例如3 5 4 1 -2 4 5 0 0
3 5 4 1 -2 4 5 0 0
现在的一元n次多项式为：
3x5-2x4+4x+5
请输入要添加的多项式s2：输入第一个大于0的整数表示系数，
第二个大于0的整数表示次数；若为常数，则输入次数为0，当输入系数为0时结束操作，例如3 5 4 1 -2 4 5 0 0
3 3 4 6 5 7 0
现在的一元n次多项式为：
5x7+4x6+3x3
计算后的多项式为：
现在的一元n次多项式为：
5x7+4x6+3x5-2x4+3x3+4x+5
请按任意键继续. . .

样例五（两个次数相同的但是系数为相反数）
输入：
3 5 4 1 -2 4 5 0 0
3 5 -4 1 2 4 5 0 0
输出：
======欢迎来到基于链表实现的计算一元多项式项目======
请输入要添加的多项式s1：输入第一个大于0的整数表示系数，
第二个大于0的整数表示次数；若为常数，则输入次数为0，当输入系数为0时结束操作，例如3 5 4 1 -2 4 5 0 0
3 5 4 1 -2 4 5 0 0
现在的一元n次多项式为：
3x5-2x4+4x+5
请输入要添加的多项式s2：输入第一个大于0的整数表示系数，
第二个大于0的整数表示次数；若为常数，则输入次数为0，当输入系数为0时结束操作，例如3 5 4 1 -2 4 5 0 0
3 5 -4 1 2 4 5 0 0
现在的一元n次多项式为：
3x5+2x4-4x+5
计算后的多项式为：
现在的一元n次多项式为：
6x5+10
请按任意键继续. . .

