编译环境：DEV c++ 5.11
说明：这是邻接矩阵实现的通信网络
问题描述
　　某国的军队由N个部门组成，为了提高安全性，部门之间建立了M条通路，每条通路只能单向传递信息，
即一条从部门a到部门b的通路只能由a向b传递信息。信息可以通过中转的方式进行传递，即如果a能将信息
传递到b，b又能将信息传递到c，则a能将信息传递到c。一条信息可能通过多次中转最终到达目的地。
　　由于保密工作做得很好，并不是所有部门之间都互相知道彼此的存在。只有当两个部门之间可以直接或
间接传递信息时，他们才彼此知道对方的存在。部门之间不会把自己知道哪些部门告诉其他部门。
现在请问，有多少个部门知道所有N个部门的存在。或者说，有多少个部门所知道的部门数量（包括自己）正
好是N。

输入说明：输入的第一个数字为部门数量N，第二个数字为单向通路个数M，然后输入M个单向通路，两个部门
中间用空格隔开。
输入数据说明：1 ≤ N ≤ 10，1 ≤ M ≤ 20
功能：
1.构造图
2.输出邻接矩阵
3.输出每个部门可以连通的部门矩阵
4.判断有多少个部门知道所有的部门数量

接下来是5组测试样例仅供参考
测试样例一：（普通）
输入：
4
4
1 2
1 3
2 4
3 4

输出：
------欢迎来到由邻接矩阵实现的通信网络------
请输入部门数量N:
4
请输入单向通路的数量M：
4
接下来请输入4条单向通路：譬如说1 2有一条，则输入 1 2 ，顶点与顶点中间用空格隔开
1 2
1 3
2 4
3 4
接下来输出邻接矩阵：
0 1 1 0
0 0 0 1
0 0 0 1
0 0 0 0
接下来判断有多少个部门知道所有N个部门的存在：
下图是每个点能知道的部门，为1是知道，0是不知道：
1 1 1 1
1 1 0 1
1 0 1 1
1 1 1 1
那么可以会有2个部门知道所有N个部门的存在！

测试样例二：（特殊样例，所有部门都相互知道）
输入：
4
5
1 2
1 3
2 4
3 4
2 3

输出：
------欢迎来到由邻接矩阵实现的通信网络------
请输入部门数量N:
4
请输入单向通路的数量M：
5
接下来请输入5条单向通路：譬如说1 2有一条，则输入 1 2 ，顶点与顶点中间用空格隔开
1 2
1 3
2 4
3 4
2 3
接下来输出邻接矩阵：
0 1 1 0
0 0 1 1
0 0 0 1
0 0 0 0
接下来判断有多少个部门知道所有N个部门的存在：
下图是每个点能知道的部门，为1是知道，0是不知道：
1 1 1 1
1 1 1 1
1 1 1 1
1 1 1 1
那么可以会有4个部门知道所有N个部门的存在！

测试样例三：（特殊，图不连通）
输入：
5
4
1 2
1 3
2 4
3 4

输出：
------欢迎来到由邻接矩阵实现的通信网络------
请输入部门数量N:
5
请输入单向通路的数量M：
4
接下来请输入4条单向通路：譬如说1 2有一条，则输入 1 2 ，顶点与顶点中间用空格隔开
1 2
1 3
2 4
3 4
接下来输出邻接矩阵：
0 1 1 0 0
0 0 0 1 0
0 0 0 1 0
0 0 0 0 0
0 0 0 0 0
接下来判断有多少个部门知道所有N个部门的存在：
下图是每个点能知道的部门，为1是知道，0是不知道：
1 1 1 1 0
1 1 0 1 0
1 0 1 1 0
1 1 1 1 0
0 0 0 0 1
那么可以会有0个部门知道所有N个部门的存在！

测试样例四：（特殊，有双向边）
输入：
4
4
1 2
1 3
2 4
4 2

输出：
------欢迎来到由邻接矩阵实现的通信网络------
请输入部门数量N:
4
请输入单向通路的数量M：
4
接下来请输入4条单向通路：譬如说1 2有一条，则输入 1 2 ，顶点与顶点中间用空格隔开
1 2
1 3
2 4
4 2
接下来输出邻接矩阵：
0 1 1 0
0 0 0 1
0 0 0 0
0 1 0 0
接下来判断有多少个部门知道所有N个部门的存在：
下图是每个点能知道的部门，为1是知道，0是不知道：
1 1 1 1
1 1 0 1
1 0 1 0
1 1 0 1
那么可以会有1个部门知道所有N个部门的存在！

测试样例五（普通）
输入：
5
6
1 3
1 4
4 2
2 3
3 5
4 5

输出：
------欢迎来到由邻接矩阵实现的通信网络------
请输入部门数量N:
5
请输入单向通路的数量M：
6
接下来请输入6条单向通路：譬如说1 2有一条，则输入 1 2 ，顶点与顶点中间用空格隔开
1 3
1 4
4 2
2 3
3 5
4 5
接下来输出邻接矩阵：
0 0 1 1 0
0 0 1 0 0
0 0 0 0 1
0 1 0 0 1
0 0 0 0 0
接下来判断有多少个部门知道所有N个部门的存在：
下图是每个点能知道的部门，为1是知道，0是不知道：
1 1 1 1 1
1 1 1 1 1
1 1 1 1 1
1 1 1 1 1
1 1 1 1 1
那么可以会有5个部门知道所有N个部门的存在！