3598	6734	5982	5887	6823	9386	4056	8877	1135	4261
9211	2953	6560	5004	3582	5284	8841	3135	758	5751
4060	9660	8232	4256	9566	6885	4173	3784	6933	7978
8008	3713	5390	3153	9015	3529	4947	2482	6002	2017
408	4910	6825	618	6420	2357	7520	9293	9777	1007
9070	329	4334	5845	2894	6675	4260	4184	793	1136
254	79	242	3676	2542	2831	4325	7456	2491	7303
1681	8275	8733	1870	8607	2562	6381	6414	9142	2429
5985	8469	4451	6486	8414	7291	9279	475	9345	3976
8462	4748	4909	5458	9732	2016	3963	5699	9112	5361
6667	6079	7688	7470	6189	1835	5001	234	6910	2977
9141	5757	5469	6146	6206	8462	9491	6953	9138	2133
9576	3916	8472	6754	6926	6994	6995	269	365	1741
5695	4992	5067	8723	7436	2507	9542	2366	9964	8328
999	6742	1286	9831	4698	7322	2526	3839	3289	5457
8012	4649	159	7752	3947	7504	9790	3911	8893	4328
3559	4877	8416	5348	2069	2894	748	6264	1125	7243
6534	814	8955	4784	2120	4271	2825	478	3454	935
7655	4976	8016	8040	898	8192	8959	488	5379	696
8889	5060	7980	9331	7899	8230	8574	1731	2752	3386
8579	7532	3330	3769	3794	519	1023	7547	7256	5424
9819	8253	8545	7160	8	7419	7813	2682	8764	9793
3443	6464	576	5006	9543	5446	5466	7813	7061	4630
9274	3230	4298	5769	9915	243	2566	8295	8202	1394
6413	9498	2719	4979	5641	2311	4007	4918	944	3142
268	4545	3727	7934	8948	9551	4118	4743	8807	7876
5864	9580	2103	2646	9711	4327	4522	2216	1657	5181
5656	245	4960	961	1248	2411	4643	4893	7032	2339
6673	3884	5427	981	4525	3506	4174	6418	6158	8617
3871	6606	649	3865	590	1484	674	7199	8081	4015
8547	4268	6297	4381	2685	9932	1604	6023	1353	8328
6718	9905	5091	5695	4588	3986	3167	6983	6101	6162
4736	5523	4641	7540	297	6114	4196	1957	3211	2949
4118	5362	9866	9298	4243	4374	6843	1778	3864	3738
5889	2572	2735	2798	5432	5265	1997	2414	5581	8515
4489	5979	89	606	7202	3109	3524	7681	2017	4760
205	6417	2328	4078	7789	1953	245	3531	7252	9300
8436	8199	8954	5162	8633	50	4225	6670	3265	7212
6636	5240	6917	3118	6333	3137	6384	5329	1178	9532
721	6064	8318	2089	1850	9338	8309	5902	6772	554
9899	2797	1560	6148	1220	9016	7197	6471	1879	5845
2760	5154	2983	3329	596	2639	2022	1983	884	7394
4128	4020	6048	4210	9623	8697	8723	1444	1551	6373
885	9298	1577	7269	1630	5000	5903	6245	1441	434
2308	7090	2937	933	9470	7102	8409	9340	7218	3220
3790	7517	4889	2299	1705	6752	7128	789	8644	3048
5523	3701	3436	623	4990	1145	1874	9343	5841	4976
6192	983	234	3364	4483	3539	4139	8909	5744	4506
2470	3825	9950	8979	6098	3178	2177	278	3111	6944
8291	4349	104	403	4555	8951	8497	5676	962	8153
2305	9126	4286	8552	9396	6789	7669	6047	1344	3965
1049	8893	7520	6033	5114	5646	256	6616	3693	5351
1566	1684	7054	5163	6515	4552	4013	9063	69	2846
1078	7407	4441	396	3288	797	9474	7154	9031	3930
7056	6599	6771	611	8949	1356	5108	1624	19	7628
888	8768	8608	9171	578	7185	4334	7507	5660	8110
4138	2826	923	4335	8633	5649	237	6139	5334	5466
4904	1132	8335	7808	3251	8319	4326	7464	6047	6565
4587	4380	3856	272	2499	1188	1521	9239	6667	5814
2836	3177	4756	5675	5311	7813	9617	1063	5299	5888
3506	3326	4436	5570	3484	3988	5955	3145	6193	294
3961	82	4356	7934	581	303	7433	9512	8171	4447
1511	1707	1085	5447	5653	1376	7654	5394	9425	175
3047	5134	7666	5905	8396	6758	6875	1244	1814	271
6699	9812	1213	7273	9312	456	3491	1150	4360	550
3476	1833	388	2841	1397	3964	5888	1039	7598	1126
8884	2143	4172	3330	128	4998	1619	7711	243	8376
562	2032	7981	8758	303	212	3969	9757	8031	8865
5406	3085	5677	8844	1299	7045	9261	4439	8925	81
3233	2227	8895	805	1701	2002	702	1111	6445	9581
8801	8842	6893	2728	5375	1977	65	6311	3353	6137
1540	7040	6144	9578	334	2574	6168	2436	4280	3739
1288	5026	7890	7903	5115	4809	1071	3401	7573	2220
1313	5432	8181	6890	7138	2813	9496	4163	573	3563
4629	2301	1871	7173	9860	453	2795	1668	8884	2152
4390	244	8758	9033	7509	4267	284	5359	2011	2808
6230	4986	8531	8332	4823	213	7035	880	218	2722
1189	510	8905	46	3837	7530	427	644	3348	1435
5679	5426	7530	2494	1042	9552	3634	3116	2838	5185
1748	6138	206	243	1594	8588	2380	6942	2211	4064
2486	7125	3070	8488	4417	3334	9998	8987	2665	7631
5597	9895	6778	1299	3630	9653	2415	3188	6145	2486
7780	5938	1978	2043	625	380	3342	1289	5641	5473
5694	2745	2341	3767	2643	3908	5095	9647	891	3749
9514	5396	7025	5410	334	4736	7271	9816	4404	3819
5371	3088	5240	5384	805	730	3925	585	4783	7158
2508	4477	9298	7280	4964	1358	7147	3099	2082	4041
216	8888	6080	9946	6675	6822	2004	6833	3247	6863
7697	5116	2593	6270	933	2972	9269	6495	9481	2231
1004	1680	5377	5594	8135	1813	8346	3765	6357	9297
624	4883	4486	9358	1288	5562	9428	1014	1074	5393
3581	4058	2904	8040	8392	2896	653	6134	2541	1899
9941	6768	7060	5698	2757	2581	6399	9293	5842	9837
4311	6975	6881	6726	9030	7071	2556	8491	1624	3497
5035	191	7524	7517	3244	8776	5328	2252	5006	3906
9391	6976	9534	1485	7479	4584	9573	8022	9960	6008
2679	7373	1458	5110	5485	7413	701	1732	6688	989
6066	2724	3441	2005	3912	5000	8635	1072	1308	5400
6898	8894	3929	5842	7561	9207	9278	492	903	7759
7013	4830	2348	5501	4424	9209	8598	7535	1667	8396
6097	8236	7175	3430	135	2529	8583	4475	218	9182
6761	4067	7496	6994	4885	7960	289	4485	8807	936
1525	1498	6080	3775	9081	8467	5399	6613	9876	3243
7316	3492	7878	7769	6099	3909	4748	9009	8707	4228
1230	303	8655	5547	7537	4749	2211	9214	2446	7439
2274	2209	1079	5142	7532	4913	382	6322	5142	5622
5928	6613	9937	3542	8340	943	7310	6114	1084	6907
4075	4369	8294	4995	3422	9186	318	3823	4960	2274
1495	5603	1213	3207	7855	109	3527	47	7327	7902
1262	7282	6232	1727	5044	4074	3210	8781	2568	6395
3312	7105	1773	143	1013	5440	5201	3499	6589	9827
9123	5693	2241	7011	6160	9101	924	8608	4259	5895
4631	3654	6962	6364	3346	6160	3169	515	9522	3456
8160	6829	939	8099	4902	3231	9357	3820	3382	6368
7821	6127	3335	1430	2860	2066	192	1694	4181	5965
6696	7011	2778	3926	2694	3131	1436	6225	261	1508
1469	192	3283	4299	6200	9555	2176	7280	7086	4313
2469	1985	1680	7104	3811	3284	1433	8674	5390	9628
4709	4741	6314	4494	9646	1491	1663	7064	3186	3652
1611	1527	5296	2968	6031	336	7422	372	7908	530
957	7555	6860	8897	1925	8558	2319	6996	3343	9812
1401	117	7299	1939	7325	7061	9148	6056	3062	6896
721	7268	370	4713	931	3966	5331	7007	2089	7131
9053	6501	4232	9496	1441	8206	713	6065	5347	3438
4782	3761	1418	5391	2435	4548	9608	2447	4059	5859
9909	3244	4464	1519	861	749	8022	7548	2789	8553
4830	6972	8446	4699	2038	5161	4490	1209	7103	8204
9395	7913	1164	8041	4312	5526	280	9968	4301	8237
3192	4891	4401	8495	6325	8381	5987	2282	3164	9250
2865	2690	9225	7886	3281	3142	7746	1554	9683	7564
4769	2140	8296	6383	5824	4812	7441	3944	972	6173
5277	335	1213	5029	3213	3237	5870	9016	3985	4742
6852	3124	9506	1181	3438	8418	9497	3898	6708	7050
9689	8658	4552	5911	6814	6904	5670	1612	665	5255
3003	1934	2682	3989	8012	8314	7889	4152	342	9944
9195	1608	448	6227	1478	139	3830	4315	5775	4515
3444	4583	6506	3997	5235	9753	4385	8950	1915	5804
2967	5809	1322	2983	1230	7129	6679	9020	1444	6295
4748	2653	7863	4153	6470	839	1064	4461	2602	2920
9092	1849	262	2574	887	24	5132	7748	2675	7762
3797	1037	1614	2162	3155	343	2231	4955	398	5296
3354	4731	4162	2181	2276	1938	7509	6988	9011	4835
5250	8779	7024	946	5811	704	7767	2272	6156	3580
1799	1198	9846	8575	8193	1323	5638	3909	1113	7955
1168	303	4760	3380	714	3433	8642	7591	7678	1715
7619	7402	2586	4116	6885	8031	9395	7117	7353	8009
7018	1513	4054	3820	7600	791	4355	2264	9427	4350
5725	5539	3906	5520	3220	1192	1471	7493	4515	7273
3334	1062	9228	1053	8042	1009	77	4131	5604	4643
4742	7769	6253	3409	7732	5819	485	6214	2334	2673
1004	6852	9683	5351	5689	7092	552	7867	730	1535
8857	1733	5082	3503	7991	1799	2245	247	9879	7981
7949	275	9859	9529	4003	1369	6808	4199	250	4384
7210	908	4991	2630	814	7238	7745	2105	2752	9909
6647	2268	9964	1407	3482	2418	107	1092	8956	3218
1382	3745	9240	3627	3544	1318	5871	7624	5943	3808
6840	1441	2671	2360	6732	7804	7951	8453	7644	3643
3974	1126	6616	3757	9460	8525	5607	9771	3952	9874
3869	4165	4941	1347	5797	8835	8876	1627	2405	7707
1154	6381	4582	5299	9420	2240	1256	2804	2785	9106
2201	2727	5012	5303	8991	7827	9810	5474	6779	2162
79	9252	9007	9997	4116	8103	6606	6674	7090	4319
558	4354	8443	709	6964	225	5504	7600	806	4111
6348	8259	7495	3828	8029	152	378	2267	1744	6942
1035	9021	8637	8195	5249	9401	7514	2601	9663	2634
8827	6775	8667	8486	4963	9161	6018	1186	2748	9927
4043	8705	4793	9839	3695	7458	224	7644	7720	7316
6574	7884	1612	4125	6855	8827	7683	1237	7859	9847
9740	3664	2899	4518	7414	8954	6784	5545	7304	9056
3645	8452	8015	4869	5575	2035	7356	5713	3241	2575
4984	9288	4487	1952	438	2800	6557	9432	671	9130
3231	55	1059	822	4554	7778	6073	3965	819	1183
7532	7586	4317	1988	7362	2139	792	7157	2745	69
4909	695	2678	3480	1616	6857	481	9535	9844	559
3225	4178	7748	9145	6492	3973	3807	2182	4294	3516
7272	4798	4516	1528	6332	8734	4034	1881	5433	1733
7969	8392	4721	779	8237	8528	5281	3500	7728	9545
7862	2010	5502	246	2678	104	8447	6886	8840	8727
9605	2890	4709	4379	1429	2331	1829	9924	4864	5272
7246	9673	5619	2384	9440	3863	620	5987	8092	9717
2194	7409	6825	1844	1658	765	9772	845	4801	3239
1456	550	1126	7459	5729	4868	1925	3238	9955	4511
5166	6658	7232	6527	7815	6879	2491	8761	4613	1107
7878	4829	5881	9766	4916	5101	7937	6429	4847	3119
9829	476	9058	7669	8694	4337	1171	6391	5304	5653
2463	3239	6256	190	2187	2747	2791	5170	8066	4472
6953	9119	1556	8746	1182	9891	5705	8826	8909	9745
8011	578	400	2320	2580	1174	9801	8073	6465	7740
6122	8525	3246	5572	4167	1879	3622	6971	1130	1202
6752	8421	5811	3589	7312	4869	9209	787	1975	602
8149	5067	1195	5112	2389	4605	2078	7529	1559	2229
3790	359	409	6178	5559	8470	361	2536	6770	5549
9309	3140	4719	9692	7638	1273	9406	8139	6160	6140
8767	7057	9660	3624	848	108	8431	1133	7542	7396
9111	8132	3177	3844	1822	2463	4989	8248	5665	2345
7096	4649	6093	8574	7397	1481	9702	2104	9561	2906
3775	5367	4429	7751	218	138	1264	2337	1337	3990
9628	3449	5470	4831	6078	7731	7750	9131	3319	611
1663	264	4594	9994	3819	5247	5373	8894	2346	2729
6225	4489	2857	3428	2313	5471	9330	8319	2515	5747
2021	5790	1125	6627	629	5256	2650	4881	9746	1628
3869	2413	8293	4648	3373	9032	2462	2913	6943	2218
4053	1412	2622	6039	6081	2783	9622	4832	8352	4020
3097	1971	3708	7310	1629	4248	4670	1634	5847	437
8991	5613	779	750	2637	6419	4654	3825	7976	6978
8782	3002	2210	9068	2962	6702	7367	6978	8796	8539
6221	8623	363	4400	4694	6970	365	7391	9628	8963
6283	4139	4504	5426	2932	9744	2603	6345	4139	1242
9206	6928	261	9285	393	3997	1756	1366	7736	3809
4633	2055	8200	8249	1886	2287	2768	2275	2793	798
3445	1324	7727	7899	4230	8197	5705	5213	6303	1418
5544	1796	5180	2025	2506	2043	1637	1504	7418	8734
403	2335	5534	2947	5602	6514	6240	9784	142	5120
3394	7242	2125	9327	4971	2144	2204	4027	6275	49
2714	8819	7843	4521	9614	9480	9674	3133	8660	3826
8232	3256	562	6217	22	6491	3952	2239	5138	2814
8194	6581	6037	6974	5110	8398	1859	1453	9271	5144
4914	7168	1222	2725	81	6030	9514	4946	8676	7583
5562	549	2299	3761	1905	7664	6265	8198	8910	1389
8962	9570	1733	4501	6140	4535	1379	2817	3275	356
3917	4577	2255	368	446	468	810	7172	2722	3214
3707	2053	5550	2067	187	4566	4113	3114	2627	2017
1564	1425	480	7099	9897	6843	516	9588	565	9659
4979	8579	4669	2636	5456	6125	4735	5255	4416	9491
5601	6131	7312	3784	5535	9442	1891	4963	7854	2500
3621	4273	7436	2639	473	4706	4084	5569	2584	9482
8357	6303	8496	9854	3227	3042	7077	3942	836	9970
5917	8693	8662	4869	3243	457	1908	2799	7240	2426
3189	9179	5002	1978	5740	5925	3686	4435	8782	4432
7216	674	360	9547	832	9329	5384	3973	8888	3833
3421	5504	2593	4959	2535	6014	2636	8182	5962	5935
2987	3031	3609	4877	3895	868	2173	1735	9818	6938
9732	6193	3996	7258	217	1927	8734	257	1473	1159
9255	8779	1277	1570	5168	7333	4950	4123	7044	1804
562	9387	7902	2582	2518	8481	4347	1342	520	4197
8567	8123	4754	388	1872	4518	9482	8170	4117	2402
3864	9346	913	4970	882	8254	1487	8810	6266	5127
8147	3885	6752	1367	2434	9132	3434	6538	182	3225
4053	1661	7931	7100	4731	2714	3735	2675	8372	9492
3573	6730	3862	3890	8452	1390	6703	6238	344	5387
9455	9395	5204	5750	4164	9566	4858	381	7653	8149
3269	7530	6310	1484	242	3981	6481	4371	6389	6984
8263	5061	495	6969	4618	5593	3003	5779	3016	3462
6867	7951	6496	2348	5032	1144	3181	6734	5511	448
8789	5483	3356	8910	7866	5408	242	673	8444	9666
6542	8924	1306	7875	1568	8346	8022	396	7247	9929
1879	1753	1127	6241	957	8622	7605	4392	834	4142
5070	4520	7256	2724	5565	3500	8623	4121	665	7900
8366	2212	4831	6506	4251	5093	6254	9512	6174	8442
3073	4241	7708	3647	2302	8861	8586	9905	9874	3089
9686	1748	9796	3612	4987	3809	5870	3646	8399	1189
1456	5870	3869	8719	1376	6144	71	9790	4234	6701
2817	2737	8284	4696	9250	7157	3271	1931	1024	9724
1266	4118	9191	77	6809	8304	7696	9556	1755	3496
6940	33	5897	8592	5398	2489	8507	1805	1056	1861
5253	4787	8209	5639	7113	9414	337	5128	9173	5613
8755	554	5241	8169	1645	2885	6721	4332	5967	1578
7290	1605	8094	2977	4677	3419	7448	5467	5813	1644
5294	5146	7159	3473	7278	108	9930	4556	1001	8823
9799	9228	913	2451	5217	867	9284	4487	7704	5607
2639	7410	9854	7143	8331	9514	806	704	7876	2421
9958	9774	5427	8685	3303	5853	452	7391	4058	6496
909	7932	2453	9431	8064	1459	6441	3927	5655	4065
6097	2048	1739	4462	2190	8502	2803	5685	4082	8519
1184	2140	7691	1988	5751	8407	9549	7605	6650	4135
1521	4044	9189	3833	5491	9731	1535	1568	5658	4456
8231	7966	2893	5066	7089	8704	6712	943	5	3976
2304	4228	6457	1421	7951	6364	7052	5122	1885	9473
1846	892	3002	2779	7747	2747	7085	2673	5875	4945
9468	849	889	1159	1506	7615	7350	7679	3658	1210
1493	2088	4174	832	3336	6638	3725	9346	2137	3242
6884	4304	7787	5894	5717	4784	3192	4702	4093	7335
9219	89	9452	2639	6398	4238	3490	4494	4480	6008
5416	3781	7227	4001	2755	5363	7235	4979	7540	7986
7938	9944	1006	2609	2481	8002	3822	8462	9343	3469
8569	4443	359	4150	4780	3463	6787	8650	1043	5920
3763	6456	423	5210	4119	6840	5384	6328	4795	1464
7791	2841	1510	1988	939	1238	3571	19	834	7778
1115	7010	6642	4919	1943	2018	1431	3145	1060	5965
8588	6687	6918	1560	2477	5303	3137	1619	3548	3943
7886	9300	2016	6378	5064	7335	1339	9573	7523	9902
4607	985	4754	6368	3937	472	6288	2429	7370	6889
6907	1804	2692	3535	1792	9073	1250	3893	9640	57
5013	908	5409	8770	272	5103	5355	7174	606	4590
7918	1272	1505	9432	9695	388	4555	3193	9409	9256
1929	1841	1853	9049	7586	32	8348	8277	9453	2165
2257	9199	4786	1843	5321	7778	716	2228	550	5754
1024	8477	8259	9530	945	9656	7166	3298	8399	3685
8816	7267	2872	6359	2332	5107	3833	772	4726	6086
6263	2362	7502	9561	2291	2310	4178	9026	8422	4278
5360	4007	2624	4381	2992	9036	1780	1069	9379	1386
5689	3805	4614	255	6109	9632	5623	9167	1127	4471
6705	6733	5867	2407	8412	6945	3029	1587	5575	7193
9452	2601	5264	5380	7415	5650	8440	5307	6624	7664
7182	3092	2553	9415	2725	2913	9013	5129	2965	3265
2713	2025	7739	2504	3402	2664	9907	1483	2650	7363
8448	376	6681	8382	2074	6045	8930	4787	2482	2779
9707	71	4697	2638	7241	9213	5887	196	6618	7044
8738	1426	5577	7310	7080	9379	1872	9590	5855	3805
5144	3608	7869	4704	1804	8035	2661	6182	9799	4990
264	5823	2424	7298	1852	4041	1430	8902	6412	8860
3509	5781	7219	6847	9342	4347	8272	6875	7129	7387
8655	2644	2707	8143	676	1827	4494	3429	9312	8731
9705	1216	3533	9481	4435	1203	7691	2850	1461	5791
3736	8607	5117	5097	4047	9894	1104	1473	8165	922
3710	8500	4055	464	3821	314	6026	2850	3782	1494
7732	9520	2116	8723	7026	599	448	9818	76	4249
8898	6671	2241	1601	720	1255	7236	3342	3779	1077
3913	7576	5253	1440	7264	1046	4069	2583	742	2788
7626	2698	6468	3694	6104	6402	3355	5806	556	8496
4043	5496	4500	8863	5800	3676	7726	8663	1067	5532
4193	2490	4539	4152	2304	5586	1923	6369	3293	2132
7805	495	1116	8687	6068	4484	2774	4821	8724	4898
9650	6264	9133	6557	6741	9760	9201	9471	6452	1198
5491	7346	1662	6021	4310	7503	5668	3668	9954	2016
3089	7309	6812	5359	5280	3536	865	5968	6536	3840
3092	5737	4591	7955	4959	4078	7232	984	9371	2984
8512	7993	2297	8229	4097	4283	6803	452	253	4178
2895	8049	1249	5030	6283	5067	6080	8085	8682	2075
1884	6469	4725	8515	9344	5256	4187	6017	9497	11
985	5546	5407	4988	5550	5044	7896	88	4183	2955
6758	8924	6814	5194	7965	5611	8433	8946	110	3040
2054	5417	6297	1988	2946	9925	2653	9084	9634	8462
8740	6992	739	5813	31	8088	7443	4899	8992	9594
2736	8859	6133	2545	1756	4613	3720	3830	7336	8751
2040	4928	4410	4745	9327	7351	7802	5990	1764	1118
6458	7424	4559	9681	9303	6033	2321	5181	7543	3007
8595	8024	3794	8549	3834	2208	3220	9734	4440	9918
5476	7034	8803	916	2094	9625	2750	9093	4085	6919
7070	4945	6449	2353	7172	1204	71	9777	717	825
5906	8346	3126	8242	5559	411	8761	1657	6837	3880
2283	1724	5835	8683	4736	831	2407	6405	3064	4337
3851	3178	3091	5320	611	3015	2242	1407	5914	731
7623	1865	9113	56	2595	9049	5453	6254	8497	3516
2684	4666	4987	5158	2049	5479	7189	8385	6981	9030
9864	2418	2551	3746	7584	1996	1097	7786	2330	824
3177	6804	975	2097	4281	6044	3036	8797	6756	7163
1354	3200	4114	4380	6962	6136	4216	8282	5926	4660
7433	8736	2384	5056	8943	684	2287	7957	4256	340
1357	3006	8314	741	3544	9264	4056	7383	5360	5910
2386	3456	2526	9845	8130	3229	5277	7148	9579	5165
9548	4135	3472	7610	4128	4257	1944	1131	903	6766
6821	5356	5042	3909	7852	5597	3650	4974	4562	2405
6960	2278	6155	2083	2705	4689	3559	8851	295	5102
7048	1255	6768	8983	4052	3849	7500	8617	597	2532
4959	5946	5661	3616	623	4084	7816	6720	5897	3203
6897	1903	4692	9378	4154	4187	8117	8818	6268	454
3243	4098	1931	4571	4243	7033	814	8810	368	8627
4710	6347	3940	1230	1726	8406	5033	9098	726	5919
2535	593	165	7253	2607	1863	6006	5827	1055	1873
2927	6334	6690	1229	6796	8201	2186	7758	9851	6623
215	6346	9779	5938	6242	5874	5785	5941	5075	7812
8597	5530	1817	4433	7995	9124	8236	9020	9971	9830
1457	5698	8125	4548	1722	3487	2139	7663	9199	3177
7016	8066	9764	7137	2468	6685	9290	6295	2692	3113
7882	1239	5621	110	5938	7976	3709	6246	4617	7990
4237	1544	3053	6973	3825	8645	6496	3102	6296	9856
9404	8754	5226	6395	3704	3672	230	3485	8233	7437
8200	1031	5666	7392	464	596	6886	7313	5220	8923
2404	9262	4634	9100	2460	2662	8222	7452	1079	5559
1853	3128	9974	6736	3008	2244	2004	87	9192	4005
796	7324	2753	8386	8560	427	7015	3500	8224	2726
178	6526	6747	3516	9595	240	3027	9537	5609	3669
5165	3607	47	6095	1903	5486	2838	5239	8718	5768
6078	9332	8545	1404	9653	5164	3030	6199	8653	8973
7725	2236	1501	6780	9475	6706	4429	2680	1679	2325
3469	703	934	1026	6196	8401	272	8333	6796	6434
6795	8235	6703	5602	2025	4641	2099	7398	9547	2283
4638	3023	8586	1620	4574	7344	524	5969	5296	2413
1430	6162	6868	7863	8323	2468	8152	3267	1159	8175
2652	3279	8156	6757	1539	355	400	8344	5237	8310
1799	3628	4295	7965	311	4619	7799	2828	5951	2608
4266	4119	5546	1345	751	3014	2557	4427	6479	9738
4018	2076	3231	3656	146	4467	3676	3292	527	2002
6795	8108	1391	3360	4340	3869	8990	6809	8529	3812
3556	8582	8694	6698	4283	7700	9685	7984	7025	5745
5351	2180	7435	660	6778	3615	9079	1350	982	5301
7923	991	6700	1910	3357	7366	3598	7756	4666	2981
3441	2609	9517	3262	1534	2529	724	621	1883	7121
8547	2193	8112	1328	4830	2427	4391	5769	8697	6161
6572	112	2266	2156	2001	6493	5999	1391	4278	1812
9107	733	6685	8457	6567	3062	6740	4232	3671	1580
3588	1676	6462	2876	247	7000	3334	7270	5419	7715
6395	5163	1240	9446	2850	1544	3737	3358	2189	1091
7619	5563	9789	4495	7116	6816	8610	1559	4845	6627
17	7024	1971	4373	1000	1344	5536	5530	1141	7911
2145	2389	1354	7732	9959	7337	1530	3312	8357	1150
7730	8283	6872	2402	8412	5821	9295	4038	5896	9208
2984	5292	5151	434	8794	6980	4799	5813	810	2270
7848	7860	5122	1985	5655	7375	3998	5882	2768	8869
8422	2222	7931	1073	6718	2346	7117	1262	7211	3779
8280	3551	2608	3874	5185	5159	6588	8342	3817	8185
4149	5779	9236	7503	3563	1770	804	3449	195	740
2926	3275	3755	654	6565	1021	4851	2019	7623	1448
860	6369	2293	9915	2000	1947	9584	7504	4182	1736
9867	8136	9033	3332	4530	4633	9444	1175	9190	9383
8238	8299	9223	3871	909	8334	8135	7848	9342	3518
1044	1385	1290	9142	9479	2830	8127	9805	5690	1073
9700	618	192	6778	665	6811	6916	3935	4697	2286
707	5887	7401	5710	6169	3823	3395	4709	3658	8832
6826	4056	252	1534	9514	7365	8460	3681	8381	4615
1894	9289	848	9650	5976	2246	2234	6501	5798	4595
3114	4515	2034	7697	9305	8532	7662	2836	647	5329
502	4644	8052	7119	3519	6605	1209	8224	2727	2843
8766	9471	4528	6230	7611	3616	1921	675	7879	8496
9148	173	757	385	7637	2761	5994	472	2768	2840
2113	2363	844	6748	1422	2969	484	6011	7448	4870
9731	4700	1171	3699	8024	3989	2005	167	856	3933
3297	8060	2646	3173	1643	5004	3189	7545	4204	2432
4916	2704	7479	5492	9978	4319	7371	5677	6522	617
8712	8254	9201	8654	3929	946	7962	2181	6164	9836
3383	6232	3919	6758	4486	9236	4357	1927	197	1470
7006	7766	6382	5530	6556	6008	7495	7791	7541	160
5041	6405	3780	8054	7254	356	5688	4208	2411	1741
310	9206	8323	2854	6346	2776	6144	4231	9450	8350
9128	4158	2598	2119	5516	3546	7775	773	7095	5799
9105	2315	9216	5473	3396	6892	9307	4808	4023	2467
4158	2017	1239	1205	3041	168	1364	8933	6730	8242
7810	1540	2170	8220	3692	8086	2264	5267	8371	4605
3740	2890	7383	9327	6405	318	7946	9273	1300	6782
2597	643	8359	5056	8366	3157	8115	6146	2518	747
2561	4143	7444	9484	8146	7575	5179	5681	1512	1884
3389	4590	5112	2217	9764	7668	3598	6230	3354	778
8045	5494	8284	4208	5778	9988	8353	8119	5803	967
7671	6108	5729	1098	2305	8194	5632	7266	2885	6909
4172	6594	2195	862	1920	6435	4398	8249	3651	719
5325	3645	77	4189	4802	7299	5322	585	4864	6853
7301	9701	4509	6843	7479	5519	4489	2013	7486	171
5767	3629	4929	8600	9175	5610	3501	3134	9110	7191
7015	7798	5567	6559	3293	6990	6046	6576	6658	6864
4342	7273	6531	4109	922	2061	98	2884	5268	753
5361	7853	9061	5403	7831	5725	4728	6119	3171	963
8200	1133	1884	2975	9873	8503	1768	7917	3441	8373
6919	5418	1860	5481	2810	7214	7032	9961	7810	8673
5120	2671	5293	7152	2395	2505	266	5683	6210	426
7418	5313	6724	143	7373	1727	3014	4200	115	1789
2626	8719	1653	8458	7800	8985	7810	3292	757	472
1845	8474	2351	7317	4020	3824	230	745	141	4832
2573	6845	6059	5599	8841	3101	2716	728	6820	2430
5627	3494	4475	9990	3732	9648	9676	948	6677	4811
6711	2341	1890	3010	8905	6375	4517	7679	2367	2232
2315	764	2137	298	6727	5165	2951	5905	1713	1977
223	9572	3723	1007	9095	1882	6775	9426	7107	7984
2368	2605	2114	5582	5699	43	2409	5842	2075	6118
1831	6629	2245	9197	3057	9178	1416	182	6637	6779
3901	6896	7145	9803	979	8521	266	4338	3749	3216
7745	2347	2738	1840	8045	2530	7601	7756	7408	4211
1120	4889	3053	5844	3157	3673	6060	4232	1063	8804
5957	465	4560	8539	3420	3606	3695	9450	3061	2176
4087	6247	27	3173	8969	1939	2621	8876	878	5027
4820	1039	4333	6521	4190	2328	4560	8056	4181	8983
8361	722	5009	5535	2111	159	7129	8694	6998	7200
9785	646	8103	5778	7446	7080	8138	9470	1314	1673
2020	342	7577	7688	9819	1663	5376	3189	6120	7579
702	8373	7165	441	4088	1430	9246	2649	4712	4776
8559	1772	296	6660	6015	6459	7444	4375	1472	7488
7434	7836	7418	8429	1604	7710	6445	8762	4315	8481
6228	1490	8630	4923	406	1514	1542	506	9037	7954
4332	5668	8334	7244	9199	6668	2452	9042	6493	235
1199	6775	8525	299	425	7126	8661	955	5290	9122
4849	5270	7558	8465	6348	1355	9867	8080	9867	2603
2627	7826	3945	7573	6386	6541	3099	4346	2539	4727
2666	1646	1535	1267	1277	7543	619	6963	7585	5091
6046	6498	6224	2063	9436	8786	9704	5556	5350	5360
9979	5817	4554	222	7564	4951	6705	5142	1084	9481
3485	9934	7682	1083	2820	5966	6478	587	5656	8643
5495	979	7429	9464	8916	8463	9069	9736	2301	6118
4205	6185	8476	9942	9321	8024	9584	2212	7602	2523
316	5459	6348	972	9690	699	1612	6112	9047	4876
3741	8740	6131	1744	589	5910	5718	7959	8753	1817
5221	2280	8181	5509	8673	6919	9582	2852	6575	4087
1930	8763	4665	1318	8387	485	4211	4084	8157	981
8187	2939	9626	5391	6736	7867	3921	9869	306	5328
8702	5106	2552	534	2351	3288	3447	4721	6325	2336
8297	757	8829	3672	9407	2948	3996	4044	7232	3297
5410	9991	6878	3373	1917	437	9313	7295	1859	3526
9428	4062	316	2440	8327	476	1150	4190	5927	5424
2521	931	824	9582	6	6716	5409	272	7085	8446
2425	6142	5975	6270	8168	6974	4435	3828	9036	5134
1441	27	9484	8785	9043	4358	3887	4500	2702	4360
1259	8980	2211	7669	4364	8746	3366	131	5519	5517
916	9328	3645	4988	2110	4809	6736	1331	5864	8762
3031	8400	3655	2476	2526	6153	8770	9963	5818	3325
8350	8364	7297	8527	2657	5642	9718	2059	792	5864
9703	629	2741	1784	9846	732	8987	5784	8331	958
9930	5850	9675	1282	5812	7938	1993	3329	2818	5164
5471	7883	6796	664	9993	7544	9205	6938	2205	4180
8298	8400	8706	3225	5476	1130	3521	4874	45	9530
5523	9524	2690	6898	6897	9877	7265	1579	9643	6460
5893	4111	3143	1141	6797	4458	7532	2240	7515	8699
1949	9271	7265	2985	9047	3257	9120	6999	8528	1283
9822	4030	8431	4922	17	6160	332	3964	5550	9223
1462	7651	3300	1209	4294	1455	75	4101	3551	5211
1002	7162	7653	7656	7858	9071	5585	5674	7360	7220
4421	763	851	3496	6277	8414	6645	5946	9047	9143
6485	5051	1613	3293	9272	3556	7545	1680	3074	8494
9935	3405	900	8441	1265	3562	3521	5395	1905	4260
7754	5879	7293	4140	715	637	6981	412	5894	1113
9576	412	7463	2986	7038	3259	4956	4438	2008	5357
450	3033	3894	8396	6134	5786	4599	4733	7132	4258
5521	8712	7831	2336	919	9612	1289	1030	3140	6778
6982	7590	6113	6919	3986	4323	7381	7729	6715	6559
1585	3818	8333	6227	1345	3427	7788	8952	9867	3025
9361	3715	314	306	6920	8409	8351	3457	4352	3853
7827	2934	3556	9319	6123	7059	7463	5897	9125	1679
1123	5511	1547	9472	5609	1557	6669	496	7777	6152
6986	197	8888	2788	3410	27	7252	4705	1251	6804
4597	3440	5052	7919	3785	1724	8992	9492	9473	3870
8732	3852	4312	7521	9346	380	6414	3880	3352	3959
3645	1359	1052	4032	5505	5292	2476	181	4970	7086
6479	4198	3050	8847	9243	1491	4961	4467	8764	6378
8126	6268	7448	7109	9831	3147	1600	3588	8449	5458
2796	1660	8254	8493	26	327	1156	5346	5811	8115
5712	5242	1998	4456	6014	2868	682	5440	8915	5662
3813	537	5914	9945	6685	7683	2199	4663	1053	3753
293	7655	3193	8408	80	7634	7105	4606	4762	9862
1137	4803	3053	839	752	6369	3770	1608	9776	2576
2816	2766	2588	147	8229	6010	3271	4382	7838	4829
4379	7937	8644	3329	2338	9220	2173	1383	2240	3164
263	2235	2346	7548	5422	9687	3017	7216	3706	4758
20	7791	4937	9303	3257	3840	8254	8192	2862	1253
8748	7781	7285	2300	6195	7305	8101	1852	6007	5643
6398	2231	9169	4790	1714	7792	5083	353	8969	6894
5195	1231	8895	9707	2448	9164	5232	4447	4867	604
4765	9633	9309	8787	5300	9082	8341	3826	1997	1694
7948	8303	6990	8846	6071	3414	7896	6490	7916	5391
8249	9010	9772	885	7432	5969	7492	4791	566	5390
5539	7587	5348	9389	5509	772	4421	5643	4482	5196
7782	9723	2285	4577	2458	4577	7361	3962	312	875
7146	7801	2047	1328	1582	7370	638	1004	4001	2228
7783	441	3172	307	5375	2776	3020	5954	373	6663
8342	6840	853	2188	3650	7619	5377	4081	6309	2205
6714	7388	880	2668	8625	7324	4996	7269	6281	1394
5300	4646	1819	9982	5636	918	4950	5746	3843	391
2131	3679	5639	943	1362	6837	9129	6043	5732	4699
5251	763	3543	1073	7713	1620	4996	3402	7624	3487
6046	9331	4025	3412	3425	3575	8264	9340	1988	540
3649	3860	7055	7814	6602	7858	7886	5446	3881	9121
7504	6564	3775	4786	8662	4027	8003	3543	5040	8309
7268	4942	276	2197	3690	7495	4600	4868	8340	1370
1457	5621	121	479	5861	1484	3377	3248	2012	4827
9955	734	725	2085	4271	3953	6483	8505	2414	5722
2361	8067	1637	4842	2353	2719	5776	5330	163	8174
2944	147	4903	1507	6062	9846	6857	2215	4598	590
852	7719	4321	5420	2931	9216	9647	1896	739	3786
6166	9086	3390	5706	4872	5994	9711	1059	7000	9561
4119	5520	6488	6579	1545	4052	7941	1444	8674	3467
1355	9940	1537	2378	9181	8903	7110	9753	4815	8488
1636	9981	9747	9210	8104	6585	8058	850	1491	3313
794	8312	3509	1516	591	3835	9092	2609	1888	8923
4230	2102	1658	9248	8397	1136	924	9407	5289	2203
1872	1855	7997	2723	1935	8376	150	4913	9764	9853
7220	9688	465	4567	3285	4545	5693	3123	3218	7250
224	8887	8342	6482	2011	5781	273	7979	6247	9954
720	5398	7734	7229	4588	5062	5508	4139	2389	7730
520	5813	3690	6066	8598	2315	1194	9643	8395	5842
9477	656	2178	7604	690	9485	77	7247	9760	8155
3636	6300	7626	733	7748	6773	4205	310	1398	9121
5782	7502	2210	8853	5410	5944	901	5340	3376	8111
2643	2180	2356	1304	3633	7897	936	5703	5405	224
1082	8481	7	6453	7730	786	4334	3282	4155	4414
4257	1489	3300	271	7012	4086	4575	3671	3420	221
5291	8086	7212	6843	1087	4194	4617	8577	580	8845
6967	4525	397	9844	8530	5750	2514	6520	7101	5846
3628	8926	4955	6378	5304	3611	9631	6493	9097	1306
2921	6822	1783	4258	2242	2779	1882	6704	7523	9029
2018	6802	2830	5956	5382	5524	8564	7382	2410	5441
819	6384	5116	2083	3900	1229	7169	7199	2714	4384
82	8364	96	6367	9254	3170	1745	462	6067	9465
5253	5978	7637	9043	2106	4307	1348	3832	3252	2324
2743	4649	6950	4376	526	7012	2909	2240	2862	8421
3727	3126	882	9229	1376	8445	1809	1805	7120	8740
5857	4151	789	4228	2186	6417	7221	9847	7699	9257
7968	5159	7377	1118	4123	56	1216	4509	9792	1921
1563	291	7574	4605	9314	1813	4835	265	4528	5296
8717	457	9051	6622	6500	5426	9171	465	2307	7275
2798	1635	1602	6934	4585	4220	1478	1819	6996	8877
8160	5617	1647	4934	6350	5159	7595	4613	1255	4777
7732	3609	1822	4833	7872	9313	1603	2587	7929	2661
4147	7091	3381	3591	2545	427	7646	403	1873	212
8089	4161	8093	7248	2114	4130	8396	6192	8269	7409
5224	8243	8149	9699	3591	6248	1540	2625	4772	9504
2406	3698	673	432	8769	6626	4425	7450	5248	1077
2627	7224	8436	7591	9351	9162	7886	8553	5544	2639
3477	3119	8274	395	3361	4651	8569	2810	4753	9896
3376	7286	3658	4044	9272	2655	6591	1486	2273	7545
4407	3249	1453	2303	395	7880	1705	6689	1278	8712
2182	885	8764	4385	6005	3945	688	8478	669	7369
9968	6144	4370	7419	1235	1956	4941	7442	2474	667
3966	2824	8416	5272	5890	4141	2371	9645	6727	1012
4867	1192	6927	647	9062	7298	441	4285	3955	4276
4672	9924	2667	9890	7330	2135	3510	4904	8223	9867
6162	2995	9318	3783	6293	2689	7879	1102	9699	6009
8956	2950	6266	4773	2598	4380	4386	4042	7699	9418
3969	5428	2075	2049	4080	1173	6651	9776	8374	2225
6187	9966	3448	6850	299	3774	4505	6238	7435	9503
4407	3865	5766	1545	6418	9617	7478	4438	9893	2208
4737	5943	9333	1524	7917	6130	7796	4724	1231	1539
332	763	1119	5546	7654	1099	5204	5168	7410	3940
2809	7907	4312	9349	1588	3365	8381	2091	6442	8288
2120	2126	5495	6967	2209	9963	2738	4751	408	413
2935	2007	4686	7326	2140	9345	3511	6892	4731	3411
2270	8131	8564	8010	5672	1925	146	3199	2709	8817
7738	5369	2096	2265	6900	4860	4507	6258	3274	8653
4974	9137	3354	7101	7411	8357	969	8570	8023	3245
7667	3261	1533	5696	9065	9937	9235	9018	3187	9355
8665	4500	8463	7885	3945	1860	7733	641	7095	7913
2199	2397	2944	8014	1999	2159	9562	5360	8443	9830
6935	1052	414	375	3765	4031	1552	5084	898	3935
4414	3364	9960	3980	7340	8049	8327	4725	6588	8996
8912	6228	7636	7048	7085	520	5233	7532	6483	2344
56	9461	9993	8078	4269	1504	5719	4395	7898	1629
2647	4188	1002	1251	9277	974	1705	2868	4178	4979
2721	394	9785	1313	7826	1778	1383	2308	7677	8155
1798	1891	9985	1441	5492	4005	8271	2539	1761	262
6290	9000	6707	5332	5036	5293	7556	8040	6883	3960
9144	8404	4305	3783	455	6038	2390	804	1450	3287
4106	2256	9340	9290	9936	350	8046	4571	4264	612
8595	8875	2528	8258	2266	3807	8160	7707	1102	4227
457	3580	6183	8735	2455	1146	2223	1506	3373	875
8083	1713	9140	6228	9743	8751	4531	1029	4527	4481
2751	6637	9834	5302	9534	2396	7476	1496	6124	1230
8589	1856	8070	9716	7190	3536	8296	3329	5790	230
4246	8769	5961	1146	8857	6319	9104	7258	3202	4432
1325	1649	6580	599	6658	1176	614	9914	8526	198
9641	676	5794	2764	4304	2270	3289	7699	9350	9957
4802	8822	2797	5684	7975	5532	4062	8865	8333	1872
5028	5372	2450	6310	891	9350	4759	708	4111	4914
82	4507	4828	4389	262	111	7814	974	7727	896
7046	4644	9005	7145	284	9900	6663	9555	4231	5556
7699	1811	2537	1780	7012	7920	2817	627	7489	1759
2309	7151	245	570	1280	725	9124	7850	440	9320
6005	263	5704	2811	963	1544	4618	5111	9798	1925
4431	6523	1717	5084	846	6832	8529	1781	4858	7387
3830	7221	7849	7753	4722	7105	5235	2435	3366	3329
6486	6131	2129	632	9830	5505	6807	1159	6525	7115
2207	3018	6109	2197	6510	7943	5845	7239	4052	8728
6392	1432	2588	9795	2361	2086	274	5624	41	7276
8568	513	6657	7442	8818	9714	1531	9542	6547	1027
7256	6218	6635	5354	3681	6470	5914	8193	5329	2050
8032	9550	8598	2642	4722	5527	1412	1173	5925	3288
6277	2451	6488	5553	852	1957	7422	7034	8381	1749
9488	6851	3042	9608	200	4617	2841	7972	109	1877
346	5035	7129	9096	4406	3019	7422	532	1306	5038
1496	8168	3619	8174	3255	4566	1705	5648	543	4203
4890	8895	1489	4693	2656	4844	9732	9312	9941	6337
9871	4451	1933	2004	9992	8763	6300	6403	5504	8615
8951	2832	2092	7665	1689	5085	1841	4176	7916	4190
6106	6493	6678	8336	1305	9453	2471	9910	7408	6273
9937	4300	2545	8268	6224	7406	658	7889	9188	4989
9109	8218	9236	747	5031	366	9694	3975	5292	5970
6278	7867	1942	4645	7473	5571	9522	439	2287	4529
4474	5689	3714	7036	7788	1059	234	557	98	3845
7071	9772	200	5807	7236	3657	5890	3510	9860	1916
3509	6471	5721	2388	2050	2800	6131	6129	9246	730
5746	8325	4826	7927	8785	2229	8764	969	2407	3535
466	1753	3527	2300	7347	9273	6378	712	1326	8802
7679	3369	1091	2629	1287	2081	3803	6971	884	3193
3104	3343	819	6940	4295	2670	8127	6363	4988	5056
973	6444	7057	6495	2019	8213	1676	8756	33	1975
1212	1085	8913	1361	154	9991	9099	5394	8651	985
537	4944	6075	532	3323	4503	1532	1519	5600	4729
1794	1365	3150	8631	2495	9461	2045	5100	7945	5217
1863	1020	3752	772	9818	6510	3261	2607	2119	1057
5388	6084	5976	3329	6386	2382	6906	1308	4855	3432
8196	9522	9797	7919	4134	8419	7496	1382	1511	6809
6139	5427	5034	3408	9194	3354	9996	8212	4665	4503
4249	9581	1723	3583	7195	7162	6434	8688	1312	4087
4830	248	774	2394	7887	4866	6743	2623	3960	9459
7452	1767	3275	3142	6034	1567	4790	4653	5642	6708
967	4328	6924	6817	5816	1850	3181	6547	8559	6979
6728	9425	6993	1463	1787	5382	3591	714	9177	3763
1545	2740	8779	5689	1281	3766	4199	3556	1319	2811
2356	3430	775	6008	2349	4832	8852	8888	5757	8848
2516	1580	6247	3565	4212	2709	3625	864	3573	3633
2209	7110	6682	3555	4422	8114	6678	6563	4254	1287
3594	2125	2202	5126	2779	4761	4145	8467	1241	4373
8608	1208	8445	6315	1075	6845	1497	9009	7316	3369
1133	6621	9787	7681	3760	2324	3465	3838	8101	5735
3571	905	1080	7586	6519	297	6424	8167	6070	5408
7959	3287	812	342	5803	7722	5542	2021	2900	818
8236	90	5681	8054	877	3109	9408	305	202	8690
7342	4000	3330	2465	3152	3154	2776	4225	3221	1336
1877	3939	4262	8034	4767	2930	6998	7179	9088	4711
6646	7777	3237	7751	8880	9874	7587	8969	37	4001
4120	4177	9902	2456	9201	9091	5175	717	5450	1186
3497	720	3401	1443	3605	1775	1596	7200	2887	2237
7171	1496	8257	1845	4896	7204	7809	6966	2493	239
9042	3441	970	5401	6599	605	4613	7013	4248	8960
6519	1780	1432	4883	5874	8551	3848	1797	8008	8444
545	5207	7369	9157	3933	6923	770	3870	2986	8022
493	9084	5581	7558	4242	6019	9290	5429	2926	3117
8772	5135	1199	3432	4787	1347	5788	8976	7614	2456
6471	6499	7357	6711	7684	1947	8841	3454	194	8590
4884	9773	4433	9282	9188	951	3574	3286	6193	9639
6785	7533	6281	3719	4784	460	8481	4300	4140	9930
5543	8698	3563	5949	639	8451	2818	6787	4262	5023
113	3491	6178	4019	538	7719	4122	9723	6154	272
5418	9683	2911	3565	4253	5263	6286	2653	6485	9370
1639	9789	8115	1068	6546	7240	6913	6178	5748	3909
5925	6791	8782	4507	9303	7214	2812	7482	3371	4961
3339	5618	9985	5268	5453	8182	6984	1576	8404	4343
657	6921	923	652	1898	44	7102	6540	5037	1667
3841	9268	8302	4178	4890	5649	6399	6828	6940	5395
6299	6706	6799	1768	6300	107	5296	4367	8002	9099
3818	5691	3235	9454	8200	9777	2712	684	6814	9754
5910	7811	3615	2791	4181	3616	3925	1567	8263	8007
8372	1890	8476	2808	6942	4170	8589	8774	8386	8278
5514	4564	1474	9508	5061	337	319	8349	3811	8473
4903	4864	724	5	5448	294	1269	597	554	190
423	9358	3113	9692	4581	261	8533	7491	376	7460
1097	7420	1877	5239	2109	1661	6737	4837	6111	3121
4888	8340	381	9205	3791	9236	8696	5	1552	2299
7559	5235	148	3943	1494	7118	7732	7651	1467	9474
9353	1384	7753	2653	9292	7010	1164	8293	802	7494
8345	6003	6004	5570	6318	414	1388	3582	9660	1383
4779	6550	3619	8599	9158	6136	1877	1556	2377	965
4064	9991	8500	7488	8696	9011	9570	9810	2727	7043
5052	5414	2682	6268	8495	3421	5884	5979	3280	3576
1191	5775	8261	1223	4602	5499	9069	4689	5699	3046
5795	36	1470	5	3562	5673	1487	4107	8775	9954
8897	7400	3633	5716	3933	6915	7038	6812	9662	1452
7611	9511	5455	643	5203	3026	4166	1778	6159	5073
2721	5330	508	9210	3393	7161	4568	1817	268	9431
4360	2889	6086	5427	5675	3088	2407	178	3257	7861
9844	6431	60	7796	8300	6283	183	2289	9827	2617
7561	9187	4819	9295	8428	5547	4977	5740	683	191
7305	8495	9721	6341	4576	5077	2812	2834	9142	4307
1590	4498	5012	8941	9811	9714	693	5875	5600	4276
9923	493	7624	8385	4225	6947	7163	1111	2706	3182
482	3325	3261	7474	2658	7164	1403	393	8795	1539
7	2821	6665	2160	2994	1041	966	573	6291	7287
7408	5479	699	5593	7077	4108	860	6219	2682	3151
5626	5633	7402	5572	8809	7691	1346	9873	8158	2138
2563	5971	6455	3651	8303	2699	5935	6510	7755	5910
426	9026	3287	7751	1857	4045	7456	4062	9899	7200
6589	8759	7263	8431	9212	1917	1409	7897	2022	9994
8962	245	2489	3798	8545	3178	8336	4510	7106	5294
7374	9651	5683	8109	2453	7253	4620	7773	8312	6743
2810	8209	2813	409	6276	6712	9411	7882	9058	5187
865	6883	5206	4724	3164	1731	5744	898	986	3568
7170	5311	6052	1169	7255	3521	9544	6789	8707	9886
1478	6357	2400	5961	7405	2229	8545	4623	9704	6565
4833	8253	5488	1761	744	6382	9711	7531	6548	364
1422	2718	6055	4210	1834	8635	469	2058	7790	1036
3471	1724	4587	212	1299	4997	3480	8458	3789	953
9996	1903	875	1754	8204	8061	2539	4030	7943	2301
231	6674	8636	1008	7293	1433	3670	6620	9011	9720
3003	4578	8830	3728	3950	7403	2729	2390	3499	6497
3341	5846	4892	3533	618	8711	3497	4948	2425	7965
3297	969	8271	9887	8711	3838	254	8831	4171	661
7492	5255	7844	7630	8459	4799	1231	8105	9429	4558
1843	3391	5390	4552	4228	9429	3887	1268	920	9431
150	431	2807	7835	1604	1368	5115	7139	3524	2162
7542	563	5524	8611	8877	3220	3957	9534	5857	6528
2988	6035	7864	912	3687	5918	5633	7606	6144	7713
7923	5338	5825	298	2543	9869	8441	6949	7135	2148
2652	1345	5620	4268	710	7998	7563	8443	6674	4867
215	4142	6033	7024	106	5788	3297	1033	6861	5230
353	5188	5794	1827	3684	5335	9002	5757	6277	3881
719	2502	7357	9109	6551	1522	2535	3294	8148	6611
9727	4101	1201	4020	4502	6397	4157	8467	4790	8164
1635	2109	8909	8208	8975	1683	9070	2564	9532	9221
6888	2497	3751	5315	7364	776	1681	5576	2035	1080
4042	5260	3407	3713	9459	9003	1950	7615	3943	8331
5202	3017	1259	1811	2541	7355	1770	3142	2688	9947
7441	2969	5306	2395	7230	9685	1046	6078	6276	2350
1537	8525	2515	9979	1498	6025	788	6374	2536	4213
3575	3571	5233	5283	9303	6291	9765	6614	2354	81
5497	4603	2364	6692	8215	3464	4375	452	1346	1785
5685	6335	5564	7398	4906	2734	1923	1440	2982	4289
5568	4566	1903	8375	6047	4965	4082	5926	1332	8531
4499	7038	8648	5124	5721	2134	4332	4238	9550	7543
3831	8982	8121	9848	6030	6756	8912	1941	2175	7992
9004	6083	6442	8381	9370	3578	4367	6651	9302	2476
7712	2535	1152	2537	5723	8662	8429	2786	6897	2853
8162	9579	7374	3476	463	8245	5567	8430	3699	8494
8945	4137	9103	1287	6168	2897	8163	3914	1859	5777
7967	5540	5515	8531	1299	5658	4206	7365	9104	1784
9284	2184	7743	3046	3966	2751	4926	6637	118	5972
3324	7814	4139	413	2667	3349	1746	2738	6229	1982
2428	897	9904	1862	459	1725	128	6873	5061	7371
4835	3114	4790	4759	3698	8752	4525	4851	7037	8666
3881	9365	6891	1438	2237	3773	7656	9107	1397	628
2494	8535	3193	8026	836	4085	9465	1796	4409	2677
7709	3677	8277	1365	8836	9489	2312	4940	8744	2350
1793	7559	6504	103	6109	3673	8500	8586	1287	5198
8305	6248	2809	3750	545	6320	2033	8196	6700	5589
6498	3454	998	363	8231	2909	1272	8916	32	489
4517	2287	6495	5377	573	5828	5858	1863	5559	5831
2576	5138	219	5499	9027	9058	416	2209	6370	8185
8550	5385	9151	8483	4090	6472	1383	5786	3663	5225
8468	6446	1949	9626	2668	5348	4395	5814	9260	2086
4463	1282	2015	6466	4106	8980	9115	5971	8505	4336
7684	3395	7767	1649	8103	6384	6651	6788	6936	5937
4682	4784	7853	4517	1799	7830	7866	9625	9015	5178
4104	2660	5624	5978	1028	8846	5108	2945	6270	9803
1755	9097	2702	9104	6515	6346	1931	7446	536	1517
6394	1272	9199	6283	1716	8478	3625	1766	2997	1525
241	3378	1048	677	7790	8836	187	4595	8234	8157
439	4133	839	6434	8051	4717	3151	9350	1317	6173
5995	8627	6021	9109	1787	5227	7207	4844	9169	5512
1052	6267	8482	3411	217	7896	6202	5938	6985	9157
6587	8631	6162	3065	2003	931	9153	5848	997	6366
8591	8040	3119	7822	9319	4033	2260	7366	1706	6475
7811	3149	1608	6447	8458	9508	3521	959	4160	2618
600	2167	8053	9585	2543	5706	1780	2089	2768	4852
9441	2549	8501	5941	5564	5096	2109	3061	8551	3361
4297	6422	6019	11	4850	7877	2754	5799	4859	3161
9504	6409	3995	7205	1421	293	1982	3311	3954	5156
8178	9345	2572	1235	7674	9667	1570	8823	3474	3171
2819	1217	1026	2871	2355	5495	2794	8	6433	7092
6156	3983	6564	6336	5748	6824	3063	4835	8662	6096
5498	6310	6404	9808	2852	3806	4520	810	1794	2516
9	408	9351	5347	3697	6164	6958	3768	8409	2989
2197	7529	2470	1582	8119	497	7225	162	1661	6258
1911	3419	6978	501	2717	3663	7704	5097	4333	6914
6117	5949	7907	2131	6518	1078	4435	6981	8970	4933
3299	3952	6273	6536	4310	4577	5478	1256	287	5802
4584	1816	7533	8214	9197	8684	4438	7241	7146	3835
4583	6174	2675	9005	4698	8044	5732	5088	690	2985
7871	6114	9022	7038	1734	9249	6234	3766	1549	2666
7873	2940	3606	7653	6126	1103	1772	1214	2996	619
7681	3424	3994	9432	5639	1646	9516	4283	6431	3359
3217	9106	7918	9733	5730	2996	8844	9834	4654	8525
2107	1568	6961	7370	1322	5882	2155	7664	2929	4905
6131	7474	2549	1519	7913	4844	6819	5269	7257	7822
2282	2548	9737	5842	9436	5871	5064	6385	2285	6775
6131	5235	3696	7784	5576	36	7691	5408	3556	822
9685	6901	1536	2923	4255	1709	2700	6694	9365	2430
7437	6150	7282	8576	7135	9967	2596	7041	5876	8821
6241	6225	1212	5303	2246	6026	4405	1135	2499	4039
2702	6201	9420	2248	1183	9069	8447	6366	6458	8575
6066	8643	9675	5900	7266	5990	6006	855	2112	6884
4612	4766	8296	8760	5849	4983	4346	7050	5335	6894
6198	3559	1607	8350	8128	119	8410	1298	8895	5354
6440	9249	9781	8237	3591	4301	3637	3915	3469	1233
3653	8052	3361	2462	2958	3987	4301	2162	4858	5338
6607	4158	2321	2017	7260	9168	9572	5539	958	6324
1378	446	3316	530	7657	1203	8433	2946	2053	4626
6504	1427	4741	7234	7848	9524	9838	8160	5089	7037
6376	8555	4900	4844	7978	4823	1517	3061	5920	4036
7531	6652	3339	2058	9440	5870	3326	2039	9503	5044
3207	5852	4945	1250	3024	3764	7186	3051	3553	3569
6324	5978	5464	9176	5674	5095	7612	9409	188	2889
5806	2309	6212	4584	866	3466	8912	1265	5801	9230
649	1307	6725	6092	664	2679	8552	5132	6204	4572
1218	5639	8551	3526	3336	4290	8776	507	4758	678
4119	5307	3105	7210	3681	9974	608	2165	9260	7019
7710	8101	8341	763	5142	6916	5291	1370	2359	8566
2260	8114	7440	1626	2035	9438	4968	758	1195	144
9860	7008	3516	516	4373	2267	6422	9003	8566	7365
3806	5771	585	4232	4166	5585	8177	8378	836	3705
4646	8160	7995	7714	2972	9602	2082	1997	6187	4945
1660	9444	8677	7972	6393	239	6954	24	8634	457
2099	4121	6969	5160	9866	9818	4855	7027	8433	8753
9114	9668	4950	3313	5706	6086	6482	9932	4687	9390
3999	6843	463	1625	8519	5200	3807	709	6706	4330
8513	1081	2237	8664	1192	9834	6278	8852	4127	8854
5069	8829	5389	9447	5225	2594	7356	1268	5092	242
9636	3086	5556	1960	485	8862	2413	9828	2772	7874
7058	192	5770	5882	5593	3270	6076	230	3224	3957
8628	8193	7552	9814	521	7480	5557	3610	2051	4705
3562	2062	8472	756	7479	4781	7438	5696	7036	2487
1243	1129	3000	7784	3749	4713	2490	211	4462	298
1925	7423	6617	9163	9282	2532	6943	8838	7675	9920
1122	7903	3230	758	8861	9540	6122	6816	2905	8801
6437	7992	5164	7632	8498	7184	5991	9494	6347	2715
7398	9336	6676	7101	2367	7988	5962	836	8547	4776
9846	9616	5705	2247	3011	7984	517	3967	1799	3527
9025	9863	4401	2694	3845	9481	1241	8654	5058	494
5732	1599	3154	954	4818	5112	1369	5933	8587	5125
9698	2647	7216	9558	6235	3186	6044	2263	6860	9142
6568	7454	1278	9339	4881	1859	8915	70	4545	3656
494	9765	5983	9892	9547	692	4906	8573	4946	3122
1412	5189	5470	681	1702	8497	5188	444	437	4645
9375	481	5268	3885	1199	3994	7382	7500	4274	8354
1387	2481	4241	7601	5467	9721	3528	1325	1483	9023
601	7701	1053	1747	6825	5049	9957	1586	3343	5212
8728	9491	4000	1267	6772	8525	6103	7772	5313	8357
4351	3005	936	341	3264	2876	9942	5206	5657	2080
2459	5965	7236	9471	5052	73	560	1786	7839	5478
7780	7091	1530	3349	8155	6556	737	8533	9552	9169
8241	751	1010	2146	2751	9457	6706	1691	9996	2046
5537	4749	3937	1134	1217	5499	9298	5385	7196	4043
1057	1346	7695	3827	8649	7109	13	4218	5900	6821
6371	4533	9111	5476	4185	1556	7043	4949	5585	1569
9901	2962	8540	6320	7122	6675	7594	9333	3669	9091
5265	5879	43	2462	6105	4624	6861	6985	2113	3056
5342	2509	2645	3155	998	128	5448	7323	1440	8044
7192	3477	2256	8360	3743	5133	7956	4295	7649	4853
5466	3880	5403	81	8910	7636	6442	226	6033	24
4408	7312	1626	3695	2334	2493	2850	863	5527	9197
5929	5726	4477	6269	4190	3288	2500	2871	426	6747
4453	5345	5566	7496	9673	9697	1446	4983	107	1253
2268	4765	1231	7756	4476	196	3665	9528	3246	4630
2541	7272	4816	7733	9351	3889	567	7363	5382	2063
8177	3726	6791	6831	9681	8796	9667	656	4823	1509
5552	8467	2814	6731	6953	8665	9632	917	6081	8696
4385	2802	79	957	2800	716	6565	5640	2568	2134
5783	908	5749	5533	4254	1549	5962	3559	2615	5962
7864	9901	1772	9874	7823	8165	301	4172	4868	771
4981	439	5010	3079	7137	4666	8978	1533	1682	1513
3241	9172	6816	8533	9940	3767	3816	8259	4841	861
338	4169	9905	7148	9955	1226	5678	5385	1226	79
8880	9492	9023	5756	3706	2162	4843	270	3871	2788
5034	8013	9784	2761	9304	353	2698	4035	2357	2626
9416	5481	7280	6517	6185	702	4584	1980	8082	7
5626	3406	8965	6688	9337	9372	312	2555	9143	6509
4112	7415	9888	6435	6663	9235	773	3408	4890	7900
1749	1203	6209	6091	7044	2563	2999	2562	8084	1126
1307	3954	9741	8751	941	273	7903	7430	8737	5792
2866	2557	7659	1522	5885	3575	7875	7142	4739	3923
813	2092	88	9918	2354	3208	8345	521	2728	5557
133	7356	6539	5302	1897	3617	5597	8854	5791	821
2333	1741	2320	825	7346	6414	7839	1187	1851	7575
445	9127	2396	1968	69	6349	7908	3280	8641	1554
3705	9644	7677	2559	5147	4967	7296	2297	8	2587
8918	54	6717	2071	3033	551	283	2988	4212	8901
2231	5371	3587	3014	5265	4496	5721	3378	1606	9337
6549	7866	4132	8747	6234	2813	5217	8031	6866	1485
9465	5965	1078	6332	7281	7798	2138	1830	3011	6805
9486	4040	4873	2628	9463	2432	2250	7014	9801	2275
3293	3073	543	7947	8133	5241	3610	6622	4423	8610
7266	7721	3319	3180	1912	1417	9887	6153	6574	9925
6893	4392	8378	2460	2573	6773	8898	5238	5249	2003
1998	8238	164	1766	8579	201	3763	4216	2320	5254
5087	6313	2318	9641	6638	2056	284	9220	5030	4015
2403	8628	589	7856	6875	827	4086	370	5744	4658
1524	5409	7706	8277	3630	5991	5593	8450	5252	1143
4630	1569	2459	2045	4128	809	288	2610	8562	2910
3045	128	4033	7342	6219	8438	6582	4194	6492	2800
2083	8100	2934	7976	1682	9164	3370	5533	1917	8216
638	8868	5193	128	9485	8215	2281	6394	2199	8457
4206	4171	7947	9464	5738	1832	2038	3538	7260	8659
4531	7753	7835	1568	6100	1986	5939	4593	4437	2855
4516	5337	323	3815	8268	3623	714	4792	6307	6747
2629	4309	378	6818	426	8777	8193	2975	5771	5930
4180	2592	8339	8006	7589	7493	258	8731	5724	6407
8048	2381	5034	2497	7431	7995	3686	7672	427	7713
179	3064	1380	1129	1860	5403	9258	9222	1636	2023
5921	1228	25	7315	3510	3688	5337	1167	2736	9167
3196	7683	130	4835	4014	2002	5601	6622	8657	6277
3110	5822	7047	6283	1029	5776	8984	5229	10	7054
49	9587	1998	9728	7532	9667	3653	9619	1438	1085
9781	3944	5227	372	6770	369	3841	9088	291	9162
64	8423	555	6482	646	1703	2410	7438	9912	9569
4404	1593	4506	3777	3224	4657	6664	7294	242	6505
7054	2930	2310	2386	9079	1795	1925	4399	6522	3653
9963	1713	2058	8454	9827	9765	8107	944	6132	133
4547	8536	8587	6968	522	4025	6820	6612	8002	9740
1411	3821	9868	736	1691	559	9921	1651	416	6942
8046	7952	331	8662	8161	6285	791	7691	783	1780
5488	3643	3086	7843	9532	1965	5899	3128	9468	5212
6587	9571	9410	6076	9641	4142	9239	6113	519	5135
8660	9684	5060	2836	7787	8510	7918	6641	1317	9438
8333	4840	7625	9088	4228	4919	6095	6666	534	683
3026	4528	6007	5288	3005	872	8997	6212	6007	3895
1211	9296	8920	8001	7541	939	7094	6282	3026	6657
5310	2807	5505	9787	6864	4635	6712	2127	7503	2130
7442	4528	3544	3536	9871	4287	5248	3140	3826	303
2938	8525	92	7261	8467	1855	6301	5625	7787	7141
4104	92	4542	3113	7608	441	5845	498	4706	9801
4501	3326	3463	2535	5225	9279	1973	2861	2642	9177
3750	3963	842	3684	7769	2069	3686	8150	6379	996
698	7275	1125	4153	2358	2948	2330	8715	2278	591
4169	8734	5098	3662	4887	5198	5855	251	1236	6931
7774	6879	5586	4578	2326	340	2162	5062	5548	6191
3128	3658	9996	8524	8521	1687	3438	881	4838	3744
6650	2286	3231	2676	111	6718	7197	7805	8567	9854
9181	7709	1172	2975	6538	7242	8867	684	3396	4688
9702	5330	3735	8103	5137	7578	4221	4079	3898	4145
6668	7852	4088	8187	2528	574	9552	1482	275	1560
2987	973	369	1761	3340	8651	5641	5082	8933	8211
4636	3343	8359	4280	4048	9530	8725	6592	8042	8746
2523	8565	7982	2846	6361	1266	8724	9443	5418	7992
7581	6787	6769	6848	9050	6208	9654	1270	5765	4781
7829	1664	5673	1038	34	4172	5407	8164	9921	9618
7053	2212	3549	8380	8888	4493	2742	5351	2232	9295
4042	7954	3994	4179	9272	3991	9060	7423	4703	7256
797	1452	3065	9267	6047	3952	8939	7249	5752	3212
9333	3759	5267	8860	7930	4569	2246	6999	5397	2421
6466	7972	9645	9272	8373	3934	4049	1474	5259	162
7985	1482	3119	4549	8563	2714	5036	6087	7219	6408
921	1933	8184	381	117	7645	9669	3006	7256	3896
8591	4254	7878	9736	2350	8181	5029	5391	9023	6284
5669	9985	1121	3638	3101	7202	6145	1266	9574	8695
1005	5386	9040	4845	5302	7185	1021	9156	5390	7760
3521	8762	244	6733	8747	604	7607	486	1224	2483
2976	3613	7099	646	1310	6724	4148	1019	8470	218
2088	9468	5817	2868	2442	2866	9500	5404	5746	1025
6257	5392	7767	2814	4698	3942	6854	7591	5895	6371
7461	874	6870	8824	6633	8758	7614	5019	6889	8598
7046	8949	7361	5762	1037	737	7959	1565	656	2482
9538	1909	9863	5965	1328	3436	635	3953	9063	4972
3886	2678	4612	4917	6148	6612	6340	6952	5922	1839
2987	514	9095	3183	240	4087	5252	2452	9300	6813
2178	7790	8694	8009	4383	4645	8943	6956	6830	6108
5486	412	9963	9522	9406	9591	3733	1129	9413	6148
1328	6264	5199	4073	867	1854	2760	5067	5207	1602
